

The connection weights of the neurons:
2.298870 0.880512 2.875512 

Input: (0,0,-1) f(u)=-1.000000
Input: (0,1,-1) f(u)=-1.000000
Input: (1,0,-1) f(u)=-1.000000
Input: (1,1,-1) f(u)=1.000000
