

The connection weights of the neurons:
6.281446 6.277928 9.502837 

Input: (0,0,-1) f(u)=-0.999851
Input: (0,1,-1) f(u)=-0.923522
Input: (1,0,-1) f(u)=-0.923263
Input: (1,1,-1) f(u)=0.910128
